"","Host","Synonym"
"1","hoolock hoolock","hoolock hoolock"
