"","Host","Synonym"
"1","sorex bairdi","sorex bairdi"
"2","sorex bairdi","sorex bairdii"
