"","Host","Synonym"
"1","mus baoulei","mus baoulei"
