"","Host","Synonym"
"1","cuniculus paca","cuniculus paca"
"2","cuniculus paca","agouti paca"
